0,278
14,4
87,5
87,4
87,3
87,2
0,9
87,1
87,0
0,273
3,2
3,1
3,3
10,66
10,92
10,154
10,168
10,208
10,312
11,18
11,8
9,2
9,3
76,3
8,5
8,17
8,11
8,16
76,2
76,1
76,0
73,5
73,4
73,3
8,15
8,2
8,3
73,2
73,1
73,0
72,5
72,4
72,3
72,2
72,1
72,0
69,3
69,2
69,1
69,0
68,3
68,2
68,1
68,0
61,5
61,4
61,3
61,2
61,1
61,0
59,5
59,4
59,3
59,2
59,1
59,0
47,4
47,3
47,2
47,1
47,0
46,5
46,4
46,1
45,4
45,3
45,2
45,1
43,5
43,3
43,1
34,4
34,3
34,2
34,1
29,5
29,3
29,1
26,3
26,1
20,3
20,2
20,1
19,3
19,2
19,1
14,2
14,0
12,3
12,2
12,1
11,29
11,28
11,27
11,25
11,24
11,23
11,22
11,21
11,19
11,17
11,15
11,14
11,11
11,10
11,9
11,7
11,6
11,5
11,4
11,3
